PE/Growth     5    10    15    20    25    30    35    40    45    50    55    60    65    70
1          4.90  9.58 14.05 18.32 22.43 26.37 30.16 33.82 37.34 40.75 44.04 47.23 50.33 53.33
2          4.81  9.21 13.25 16.99 20.48 23.73 26.80 29.68 32.41 35.00 37.47 39.82 42.06 44.21
3          4.73  8.88 12.57 15.90 18.93 21.71 24.29 26.67 28.91 31.00 32.97 34.83 36.60 38.28
4          4.65  8.58 11.98 14.99 17.67 20.10 22.32 24.36 26.25 28.01 29.66 31.20 32.66 34.04
5          4.57  8.31 11.47 14.21 16.62 18.78 20.73 22.52 24.16 25.68 27.09 28.41 29.66 30.83
6          4.50  8.07 11.02 13.53 15.73 17.67 19.42 21.00 22.45 23.79 25.03 26.19 27.27 28.29
7          4.44  7.84 10.61 12.94 14.95 16.72 18.30 19.73 21.03 22.23 23.34 24.37 25.33 26.23
8          4.37  7.64 10.24 12.42 14.27 15.90 17.35 18.65 19.83 20.91 21.91 22.84 23.71 24.52
9          4.31  7.45  9.91 11.95 13.68 15.18 16.51 17.71 18.79 19.78 20.69 21.54 22.33 23.07
10         4.25  7.27  9.61 11.53 13.14 14.55 15.78 16.89 17.89 18.80 19.64 20.42 21.14 21.82
11         4.20  7.11  9.34 11.15 12.67 13.98 15.13 16.16 17.09 17.94 18.71 19.43 20.10 20.73
12         4.15  6.96  9.09 10.80 12.23 13.47 14.55 15.51 16.38 17.17 17.90 18.57 19.19 19.77
13         4.10  6.81  8.85 10.48 11.84 13.00 14.02 14.93 15.74 16.49 17.17 17.79 18.38 18.92
14         4.05  6.68  8.63 10.19 11.48 12.58 13.55 14.40 15.17 15.87 16.51 17.10 17.65 18.16
15         4.00  6.56  8.43  9.92 11.15 12.20 13.11 13.92 14.65 15.31 15.92 16.48 16.99 17.48
16         3.96  6.44  8.25  9.67 10.84 11.84 12.71 13.49 14.18 14.80 15.38 15.91 16.40 16.85
17         3.92  6.33  8.07  9.44 10.56 11.52 12.35 13.08 13.74 14.34 14.88 15.39 15.85 16.29
18         3.88  6.22  7.90  9.22 10.30 11.22 12.01 12.71 13.34 13.91 14.43 14.91 15.36 15.77
19         3.84  6.12  7.75  9.02 10.06 10.93 11.70 12.37 12.97 13.52 14.02 14.47 14.90 15.29
20         3.80  6.03  7.60  8.83  9.83 10.67 11.41 12.05 12.63 13.15 13.63 14.07 14.47 14.85
21         3.77  5.94  7.47  8.65  9.61 10.43 11.13 11.75 12.31 12.81 13.27 13.69 14.08 14.45
22         3.73  5.85  7.34  8.48  9.41 10.20 10.88 11.48 12.01 12.50 12.94 13.34 13.72 14.07
23         3.70  5.77  7.21  8.32  9.22  9.98 10.64 11.22 11.73 12.20 12.63 13.02 13.38 13.71
24         3.67  5.69  7.09  8.17  9.05  9.78 10.42 10.98 11.47 11.92 12.33 12.71 13.06 13.38
25         3.63  5.61  6.98  8.03  8.88  9.59 10.21 10.75 11.23 11.66 12.06 12.43 12.76 13.08
26         3.60  5.54  6.88  7.89  8.72  9.41 10.01 10.53 11.00 11.42 11.80 12.16 12.48 12.79
27         3.57  5.47  6.78  7.77  8.57  9.24  9.82 10.33 10.78 11.19 11.56 11.90 12.22 12.51
28         3.55  5.41  6.68  7.64  8.42  9.08  9.64 10.13 10.57 10.97 11.33 11.66 11.97 12.26
29         3.52  5.34  6.59  7.53  8.29  8.92  9.47  9.95 10.38 10.76 11.11 11.44 11.73 12.01
30         3.49  5.28  6.50  7.42  8.16  8.78  9.31  9.78 10.19 10.57 10.91 11.22 11.51 11.78
31         3.47  5.23  6.41  7.31  8.03  8.64  9.16  9.61 10.02 10.38 10.71 11.02 11.30 11.56
32         3.44  5.17  6.33  7.21  7.91  8.50  9.01  9.45  9.85 10.20 10.53 10.83 11.10 11.36
33         3.42  5.11  6.25  7.11  7.80  8.38  8.87  9.30  9.69 10.04 10.35 10.64 10.91 11.16
34         3.39  5.06  6.18  7.02  7.69  8.25  8.74  9.16  9.54  9.88 10.18 10.47 10.73 10.97
35         3.37  5.01  6.11  6.93  7.59  8.14  8.61  9.02  9.39  9.72 10.02 10.30 10.55 10.79
36         3.35  4.96  6.04  6.84  7.49  8.03  8.49  8.89  9.25  9.58  9.87 10.14 10.39 10.62
37         3.33  4.92  5.97  6.76  7.39  7.92  8.37  8.77  9.12  9.44  9.72  9.99 10.23 10.46
38         3.31  4.87  5.91  6.68  7.30  7.82  8.26  8.65  8.99  9.30  9.58  9.84 10.08 10.30
39         3.29  4.83  5.84  6.60  7.21  7.72  8.15  8.53  8.87  9.17  9.45  9.70  9.93 10.15
40         3.27  4.78  5.78  6.53  7.13  7.62  8.05  8.42  8.75  9.05  9.32  9.57  9.80 10.01
41         3.25  4.74  5.73  6.46  7.04  7.53  7.95  8.31  8.64  8.93  9.19  9.44  9.66  9.87
42         3.23  4.70  5.67  6.39  6.97  7.44  7.85  8.21  8.53  8.82  9.08  9.31  9.53  9.74
43         3.21  4.66  5.61  6.32  6.89  7.36  7.76  8.11  8.42  8.70  8.96  9.19  9.41  9.61
44         3.19  4.62  5.56  6.26  6.81  7.28  7.67  8.02  8.32  8.60  8.85  9.08  9.29  9.49
45         3.17  4.59  5.51  6.20  6.74  7.20  7.59  7.92  8.23  8.50  8.74  8.97  9.18  9.37
46         3.15  4.55  5.46  6.14  6.67  7.12  7.50  7.84  8.13  8.40  8.64  8.86  9.07  9.26
47         3.14  4.52  5.41  6.08  6.61  7.05  7.42  7.75  8.04  8.30  8.54  8.76  8.96  9.15
48         3.12  4.48  5.37  6.02  6.54  6.97  7.34  7.67  7.95  8.21  8.44  8.66  8.86  9.04
49         3.11  4.45  5.32  5.97  6.48  6.91  7.27  7.59  7.87  8.12  8.35  8.56  8.76  8.94
50         3.09  4.42  5.28  5.91  6.42  6.84  7.20  7.51  7.79  8.04  8.26  8.47  8.66  8.84
51         3.07  4.39  5.24  5.86  6.36  6.77  7.13  7.43  7.71  7.95  8.18  8.38  8.57  8.74
52         3.06  4.36  5.19  5.81  6.30  6.71  7.06  7.36  7.63  7.87  8.09  8.29  8.48  8.65
53         3.04  4.33  5.15  5.76  6.25  6.65  6.99  7.29  7.55  7.79  8.01  8.21  8.39  8.56
54         3.03  4.30  5.11  5.72  6.19  6.59  6.93  7.22  7.48  7.72  7.93  8.13  8.31  8.47
55         3.02  4.27  5.08  5.67  6.14  6.53  6.86  7.15  7.41  7.64  7.85  8.05  8.22  8.39
56         3.00  4.24  5.04  5.63  6.09  6.47  6.80  7.09  7.34  7.57  7.78  7.97  8.14  8.31
57         2.99  4.22  5.00  5.58  6.04  6.42  6.74  7.03  7.28  7.50  7.71  7.89  8.07  8.23
58         2.98  4.19  4.97  5.54  5.99  6.37  6.69  6.97  7.21  7.44  7.64  7.82  7.99  8.15
59         2.96  4.17  4.93  5.50  5.94  6.32  6.63  6.91  7.15  7.37  7.57  7.75  7.92  8.08
60         2.95  4.14  4.90  5.46  5.90  6.26  6.58  6.85  7.09  7.31  7.50  7.68  7.85  8.00
61         2.94  4.12  4.87  5.42  5.85  6.22  6.52  6.79  7.03  7.24  7.44  7.62  7.78  7.93
62         2.92  4.09  4.83  5.38  5.81  6.17  6.47  6.74  6.97  7.18  7.38  7.55  7.71  7.86
63         2.91  4.07  4.80  5.34  5.77  6.12  6.42  6.68  6.92  7.13  7.31  7.49  7.65  7.80
64         2.90  4.05  4.77  5.31  5.73  6.08  6.37  6.63  6.86  7.07  7.26  7.43  7.58  7.73
65         2.89  4.02  4.74  5.27  5.69  6.03  6.33  6.58  6.81  7.01  7.20  7.37  7.52  7.67
66         2.88  4.00  4.71  5.24  5.65  5.99  6.28  6.53  6.76  6.96  7.14  7.31  7.46  7.61
67         2.87  3.98  4.68  5.20  5.61  5.95  6.23  6.48  6.71  6.90  7.09  7.25  7.40  7.54
68         2.86  3.96  4.66  5.17  5.57  5.90  6.19  6.44  6.66  6.85  7.03  7.20  7.35  7.49
69         2.85  3.94  4.63  5.14  5.53  5.86  6.15  6.39  6.61  6.80  6.98  7.14  7.29  7.43
70         2.83  3.92  4.60  5.10  5.50  5.83  6.10  6.35  6.56  6.75  6.93  7.09  7.24  7.37
71         2.82  3.90  4.58  5.07  5.46  5.79  6.06  6.30  6.51  6.71  6.88  7.04  7.18  7.32
72         2.81  3.88  4.55  5.04  5.43  5.75  6.02  6.26  6.47  6.66  6.83  6.99  7.13  7.26
73         2.80  3.86  4.53  5.01  5.40  5.71  5.98  6.22  6.43  6.61  6.78  6.94  7.08  7.21
74         2.79  3.84  4.50  4.98  5.36  5.68  5.94  6.18  6.38  6.57  6.74  6.89  7.03  7.16
75         2.78  3.82  4.48  4.95  5.33  5.64  5.91  6.14  6.34  6.52  6.69  6.84  6.98  7.11
76         2.77  3.81  4.45  4.93  5.30  5.61  5.87  6.10  6.30  6.48  6.65  6.80  6.93  7.06
77         2.77  3.79  4.43  4.90  5.27  5.57  5.83  6.06  6.26  6.44  6.60  6.75  6.89  7.02
78         2.76  3.77  4.41  4.87  5.24  5.54  5.80  6.02  6.22  6.40  6.56  6.71  6.84  6.97
79         2.75  3.75  4.39  4.85  5.21  5.51  5.76  5.98  6.18  6.36  6.52  6.66  6.80  6.92
80         2.74  3.74  4.36  4.82  5.18  5.48  5.73  5.95  6.14  6.32  6.48  6.62  6.75  6.88
81         2.73  3.72  4.34  4.79  5.15  5.45  5.70  5.91  6.11  6.28  6.44  6.58  6.71  6.83
82         2.72  3.71  4.32  4.77  5.12  5.41  5.66  5.88  6.07  6.24  6.40  6.54  6.67  6.79
83         2.71  3.69  4.30  4.75  5.10  5.39  5.63  5.84  6.03  6.20  6.36  6.50  6.63  6.75
84         2.70  3.67  4.28  4.72  5.07  5.36  5.60  5.81  6.00  6.17  6.32  6.46  6.59  6.71
85         2.70  3.66  4.26  4.70  5.04  5.33  5.57  5.78  5.97  6.13  6.28  6.42  6.55  6.67
86         2.69  3.64  4.24  4.68  5.02  5.30  5.54  5.75  5.93  6.10  6.25  6.39  6.51  6.63
87         2.68  3.63  4.22  4.65  4.99  5.27  5.51  5.72  5.90  6.06  6.21  6.35  6.47  6.59
88         2.67  3.62  4.20  4.63  4.97  5.24  5.48  5.69  5.87  6.03  6.18  6.31  6.44  6.55
89         2.66  3.60  4.18  4.61  4.94  5.22  5.45  5.66  5.84  6.00  6.14  6.28  6.40  6.52
90         2.66  3.59  4.17  4.59  4.92  5.19  5.42  5.63  5.80  5.96  6.11  6.24  6.37  6.48
91         2.65  3.57  4.15  4.57  4.90  5.17  5.40  5.60  5.77  5.93  6.08  6.21  6.33  6.44
92         2.64  3.56  4.13  4.55  4.87  5.14  5.37  5.57  5.74  5.90  6.05  6.18  6.30  6.41
93         2.63  3.55  4.11  4.53  4.85  5.12  5.34  5.54  5.71  5.87  6.01  6.14  6.26  6.37
94         2.63  3.53  4.10  4.51  4.83  5.09  5.32  5.51  5.69  5.84  5.98  6.11  6.23  6.34
95         2.62  3.52  4.08  4.49  4.80  5.07  5.29  5.49  5.66  5.81  5.95  6.08  6.20  6.31
96         2.61  3.51  4.06  4.47  4.78  5.04  5.27  5.46  5.63  5.78  5.92  6.05  6.17  6.27
97         2.61  3.50  4.05  4.45  4.76  5.02  5.24  5.43  5.60  5.75  5.89  6.02  6.13  6.24
98         2.60  3.48  4.03  4.43  4.74  5.00  5.22  5.41  5.58  5.73  5.86  5.99  6.10  6.21
99         2.59  3.47  4.02  4.41  4.72  4.98  5.19  5.38  5.55  5.70  5.84  5.96  6.07  6.18
100        2.58  3.46  4.00  4.39  4.70  4.95  5.17  5.36  5.52  5.67  5.81  5.93  6.04  6.15